001110
001000111
001001000
001001001
001001010
001118
001000101
001110b1111
001001011
100104
010101011
001001011
001000110
00000$multiplier1
001000001
00000$multiplier2
001000010
00000$multiplicand1
001000011
00000$multiplicand2
001000100
001111
100117
010000100
11000LINE40
001100110
011001011
001100100
011001011
011111
001000100
001100011
011001011
011111
001000011
11010LINE40
001100100
011111
001000100
001111
100117
010000010
11000LINE58
001100110
011001011
001100010
011001011
011111
001000010
001100001
011001011
011111
001000001
11010LINE58
001100010
011111
001000010
001100101
100011
001000101
001118
100000101
001001111
001111
100100101
010000001
11000LINE96
001100011
100100101
011100111
001000111
101100111
011101000
001001000
001100011
101001111
011101000
001001000
101101000
011101001
001001001
001100100
100100101
011101000
001001000
101101000
011101001
001001001
001100100
101001111
011101001
001001001
101101001
011101010
001001010
001111
100100101
010000010
11000LINE58
001100011
100100101
011101000
001001000
101101000
011101001
001001001
001100011
101001111
011101001
001001001
101101001
011101010
001001010
001100100
100100101
011101001
001001001
101101001
011101010
001001010
001100100
101001111
011101010
001001010
11000LINE127
11100LINE58
001100110
11010LINE151
001101010
011001011
001001010
001101001
011001011
001001001
001101000
011001011
001001000
001100111
011001011
011111
001000111
101111
011101000
001001000
101111
011101001
001001001
101111
011101010
001001010
001000111
00010$lowerreg1
001001000
00010$lowerreg2
001001001
00010$upperreg1
001001010
00010$upperreg2
