000000000
001000001
001000010
001010011
001010100
001011011
001000101
001000110
110000101
011100101
001010101
001010110
011100110
110000110
00001data_mem
011100101
000000111
011111
000001000
00001data_mem
011100110
000001001
011101
000001010
000011011
011000111
011100111
011101000
011001011
001000111
011101001
001000111
001001000
011101010
001001000
101008
110000
001010111
011001011
011101
001000111
001011000
011001011
011111100
001001000
001011000
110010011
001000011
001010111
001000100
001010111
001000100
00101t8
11001t1
001000001
001010111
001000010
001010111
001000010
011100110
11100innerloop
