001110
001000000
001111
100114
001000001
001110b1111
001001000
100104
010101000
001001000
001111
011001000
100112
101012
001001001
011112
001000010
100012
001000010
000000010
001000101
001100010
011111
001001111
000001111
001000100
001101001
001000011
001100010
001100011
100000010
11000LINE90
000000011
001000111
001100011
011111
001001111
000001111
001000110
001100011
100012
001000011
001118
001001010
001110
001001011
001100100
011000110
001000110
001100101
011000111
001000111
001101010
100011
001100110
100101010
001001101
001100111
100101010
001001110
001117
100001010
001001111
001101101
101001111
011101011
001001011
001101110
101001111
011101011
001001011
001101010
11000LINE75
11100LINE53
001101011
100000000
101017
11000LINE84
001100001
100001011
10101$7
11000LINE82
11100LINE30
001101011
001000000
11100LINE30
001101011
001000001
11100LINE30
001100010
11000LINE93
11100LINE18
001100000
00010$max
001100001
00010$min
