001110000
001000001
001110001
100110100
001000010
001111111
001001001
100100100
010101001
001001001
001110001
011001001
100110010
101010010
001001010
011110010
001000011
001100011
110000111
100010010
001000011
000000011
001000110
001100011
011110001
001001111
000001111
001000101
001101010
001000100
001100100
100000011
110000001
000000100
001001000
001100100
011110001
001001111
000001111
001000111
001100100
100010010
001000100
001111000
001001011
001110000
001001100
001100101
011000111
001000111
001100110
011001000
001001000
001101011
100010001
001001011
001100111
100101011
001001101
001101000
100101011
001001110
001110111
100001011
001001111
001101101
101001111
011101100
001001100
001101110
101001111
011101100
001001100
001101011
110000100
111000011
001101100
100000001
101010111
110000101
001100010
100001100
101010111
110000110
111000010
001101100
001000001
111000010
001101100
001000010
111000010
001110001
100110110
001001111
001100010
000101111
001101111
011110001
001001111
001100001
000101111
